255.000000 -820.000000 227.000000
250.000000 -829.000000 230.000000
250.000000 -827.000000 232.000000
244.000000 -831.000000 230.000000
249.000000 -827.000000 225.000000
254.000000 -829.000000 223.000000
251.000000 -827.000000 224.000000
250.000000 -827.000000 220.000000
249.000000 -826.000000 224.000000
243.000000 -823.000000 224.000000
238.000000 -821.000000 224.000000
233.000000 -821.000000 223.000000
231.000000 -820.000000 219.000000
230.000000 -819.000000 220.000000
225.000000 -825.000000 223.000000
222.000000 -822.000000 220.000000
222.000000 -820.000000 222.000000
217.000000 -828.000000 222.000000
216.000000 -827.000000 220.000000
214.000000 -828.000000 223.000000
214.000000 -837.000000 222.000000
209.000000 -844.000000 223.000000
215.000000 -853.000000 226.000000
221.000000 -853.000000 227.000000
219.000000 -858.000000 228.000000
224.000000 -860.000000 226.000000
225.000000 -859.000000 224.000000
227.000000 -858.000000 224.000000
225.000000 -861.000000 224.000000
224.000000 -860.000000 223.000000
227.000000 -862.000000 225.000000
230.000000 -860.000000 223.000000
233.000000 -864.000000 222.000000
232.000000 -862.000000 222.000000
238.000000 -858.000000 223.000000
239.000000 -858.000000 219.000000
240.000000 -859.000000 223.000000
244.000000 -854.000000 223.000000
249.000000 -850.000000 223.000000
250.000000 -844.000000 220.000000
245.000000 -848.000000 222.000000
245.000000 -843.000000 224.000000
247.000000 -840.000000 223.000000
245.000000 -836.000000 224.000000
245.000000 -836.000000 227.000000
250.000000 -833.000000 225.000000
239.000000 -834.000000 224.000000
243.000000 -833.000000 223.000000
243.000000 -834.000000 224.000000
242.000000 -833.000000 226.000000
240.000000 -832.000000 225.000000
242.000000 -831.000000 224.000000
242.000000 -828.000000 226.000000